1: [235,441  235,637  436,441  436,637]
2: [451,440  451,637  644,440  644,637]
3: [19,437  19,635  240,437  240,635]
4: [720,344  720,373  757,344  757,373]
5: [701,338  701,378  777,338  777,378]
6: [723,310  723,336  752,310  752,336]
7: [703,305  703,341  771,305  771,341]
8: [638,257  638,435  830,257  830,435]
9: [452,253  452,433  634,253  634,433]
10: [248,246  248,428  441,246  441,428]
11: [39,244  39,432  253,244  253,432]
12: [339,165  339,174  386,165  386,174]
13: [324,164  324,185  394,164  394,185]
14: [690,127  690,193  769,127  769,193]
15: [321,116  321,183  392,116  392,183]
16: [636,84  636,256  817,84  817,256]
17: [459,74  459,250  634,74  634,250]
18: [267,71  267,249  450,71  450,249]
19: [65,70  65,246  267,70  267,246]
